P=? [ F (x=9&y=9&crashed=0) ]	R{"cost"}=? [ C<=200 ]
0.2059295601	28.00201157
0.3550210451	55.70565017
0.2059295601	28.00201157
0.2239246765	28.32680374
0.2094226938	28.32481802
0.2421679928	30.66409319
0.2332314872	30.64446842
0.2548608165	32.0680495
0.2972263178	38.93257015
0.2475887421	31.78272868
0.3032505172	39.02958632
0.3505748088	53.80380267
0.3490226456	53.21875281
0.2891590702	37.03288689
0.28315291	37.02192293
0.2583741346	32.99366524
0.2722284105	35.21474547
0.3171161081	42.47205484
0.3096112178	40.69894703
0.2771530863	35.22803919
0.3514626514	54.18676421
0.3328313028	46.17735364
0.2568602176	32.47799855
0.232402946	29.92237844
0.2592675261	33.10451705
0.2614638858	33.26008528
0.2447272162	31.43264114
0.3146014665	41.48404576
0.2809233627	36.25234713
0.3077402084	40.06747251
0.337748529	48.06254704
0.2677614798	34.77012797
0.2429177799	30.80579162
0.3457207029	50.87997891
0.3489567123	52.73573658
0.2073881298	28.12419854
0.3427927172	49.79427705
0.2638398795	33.93771231
0.3067586135	39.82912071
0.2321435365	29.58731107
0.2327556731	30.31768339
0.3061048038	39.49580447
0.3482956132	52.59686565
0.3130557559	40.70504843
0.2650840216	34.14259586
0.3139390012	41.02670728
0.2617889619	33.46272598
0.3295216344	43.80338326
0.2699916694	35.14551332
0.3262068123	42.93879537
0.3308653819	44.5219192
0.3079998607	40.64380687
0.3324398285	45.60064656
0.3227904175	42.93031412
0.3386586566	48.5342239
0.3202900257	42.85352959
0.3380170208	48.36781407
0.2564315284	32.35781198
0.2831525952	36.99996758
0.2775439461	35.32820828
0.2948957234	38.53991072
0.2259181861	28.54935951
0.3036690877	39.16829058
0.3541229051	55.27070053
0.2280755598	28.75165403
0.3543492014	55.58645417
0.2807908207	36.03033391
0.3318094986	45.30966233
0.254860937	32.14494422
0.3145714382	41.14869868
0.2087396553	28.2043735
0.2632782177	33.60246971
0.3410832132	48.83958683
0.3517353488	54.49820825
0.2259181861	28.54935951
0.2915475386	37.0821193
0.3421977333	49.64243942
0.3420663559	49.36691428
0.3473039211	51.99118272
0.2692315525	34.91033103
0.2819973522	36.59804313
0.3450256561	50.68118783
0.3524469369	54.57669379
0.3203779396	42.91036691
0.3350372404	46.78667169
0.2462364608	31.53843345
0.3354022315	47.04657951
0.3343633313	46.64552852
0.3334711488	46.31113715
0.2933856731	37.96530623
0.3476240742	52.29094371
0.2930027205	37.64556244
0.2660438791	34.25693841
0.3156155041	41.7837304
0.3287591958	43.25039355
0.279682654	35.77229846
0.2896726493	37.07975591
0.3296424807	44.17650423
0.3158997148	42.21438254
0.2946081855	38.14111406
0.3156155003	41.77152246
0.2962747351	38.63355449
0.3130698528	40.74647545
0.2915651552	37.30050346
0.2446451982	30.96290659
0.2722283804	35.15479314
0.2674035094	34.45830347
0.2446451816	30.96273057
0.3171156059	42.46391219
0.3305398606	44.33049377
0.3158997509	42.22130237
0.3227903939	42.9226523
0.2796121957	35.40739413
0.2797193148	35.88217542
0.2475886066	31.75042855
0.3446602348	50.34527128
0.3469976699	51.78922178
0.2283525435	29.14273697
0.2306037294	29.16866107
0.2283526264	29.15194759
0.3360826882	47.37365275
0.2280755598	28.75171499
0.3460879047	51.24250453
0.2637064528	33.6844434
0.3440619852	50.18537008
0.3369883401	47.78317386
0.3072363274	39.99484436
0.2328537169	30.53411035
0.3309025767	44.92885985
0.3288487955	43.51876148
0.3291078607	43.59648102
0.3468680109	51.61877662
0.3324378957	45.53077279
0.3054104973	39.2393486
0.344669268	50.5314616
0.2819973788	36.59804318
0.2930027205	37.64556244
0.3533998838	55.10304155
0.3402635309	48.60023501
0.3202900257	42.85352959
0.2059297066	28.00255541
0.3404911789	48.7003906
0.2461157843	31.51010725
0.3360826882	47.37365275
0.3529745339	54.83808145
0.2674035287	34.48752541
0.2796123037	35.40895867
0.2696106171	34.97423667
0.3056542285	39.34088351
0.2317116516	29.31077137
0.3262072201	42.96201875
0.3279044732	42.99564713
0.2948624321	38.25368916
0.3529729089	54.80324812
0.3475721966	52.23147027
0.2317926563	29.33291895
0.3080468991	40.66805163
0.2962747068	38.62181353
0.2915651552	37.30050346
0.2306399207	29.17331552
