n_eval	hypervolume	time_sec
160	57.05079155	5.893859
320	61.33606528	9.152959
480	61.67644519	12.870477
640	62.30280434	16.213588
800	62.49505591	19.526663
960	63.72783589	23.349246
1120	63.86790348	26.975050
1280	65.68609968	30.807827
1440	65.79112593	34.652694
1600	65.89198856	38.730823
1760	66.07141424	43.076468
1920	66.11987509	47.514698
2080	66.15952265	52.212074
2240	66.17063441	56.384162
2400	66.53643703	61.201374
2560	66.55121686	65.139961
2720	66.56435827	69.105258
2880	66.58175686	73.119090
3040	66.59037971	77.560446
3200	66.59134519	81.897903
3360	66.5928789	86.414449
3520	66.59479837	90.616002
3680	66.59561858	94.569102
3840	66.59958448	98.437823
4000	66.71073238	102.804492
4160	66.71388016	106.857191
4320	66.71388151	111.185016
4480	66.71539659	115.355081
4640	66.71676868	120.162255
4800	66.71965142	124.407934
4960	66.72007025	128.670969
5120	66.72051373	132.813798
5280	66.72044464	137.159499
5440	66.72077755	141.366395
5600	66.72072371	145.342176
5760	66.72457102	149.658829
5920	66.7254937	153.870358
6080	66.72634627	158.029034
6240	66.72808921	162.224981
6400	66.72857804	166.785184
6560	66.72940578	171.099707
6720	66.72959306	175.436502
6880	66.73007254	179.916517
7040	66.73022252	184.230483
7200	66.73169793	188.771717
7360	66.73207997	193.179335
7520	66.73329262	197.533476
7680	66.73345355	201.822819
7840	66.73306308	206.531067
8000	66.73393144	210.644948
8160	66.73408499	215.154605
8320	66.73466283	219.712799
8480	66.73461633	224.097445
8640	66.73573143	228.105114
8800	66.73610176	232.397205
8960	66.73618536	236.679564
9120	66.73647721	240.707866
9280	66.73765998	245.334494
9440	66.73753621	249.731463
9600	66.7374992	254.119718
9760	66.73856044	258.604511
9920	66.7385778	263.082901
10080	66.73932108	267.709790
10240	66.73987781	272.244243
10400	66.74007266	276.497266
10560	66.74111823	280.720782
10720	66.74119801	285.118290
10880	66.74212313	289.344869
11040	66.74210339	293.371978
11200	66.74212929	297.593343
11360	66.74225898	301.914783
11520	66.74404915	306.587448
11680	66.74416959	310.790310
11840	66.74430375	314.900513
12000	66.74449637	319.456997
12160	66.74432724	323.749831
12320	66.74440468	328.263913
12480	66.74420544	332.457719
12640	66.74637864	336.828789
12800	66.74801909	341.101188
12960	66.74770084	345.564836
13120	66.74777274	349.686553
13280	66.75307983	354.037132
13440	66.75334673	358.259602
13600	66.75380255	362.398338
13760	66.75390196	367.147720
13920	66.75412903	371.482452
14080	66.75523097	375.845443
14240	66.7553023	380.485207
14400	66.75514759	384.970437
14560	66.75504386	389.755282
14720	66.75492434	394.039402
14880	66.75504009	398.414693
15040	66.75495507	402.717492
15200	66.75503337	407.305003
15360	66.75532968	411.717057
15520	66.75572123	416.061918
15680	66.75569791	420.465746
15840	66.75556638	424.676949
16000	66.75546569	428.795024
16160	66.75575334	432.820921
16320	66.75563972	437.277840
16480	66.75595543	441.279904
16640	66.75608005	445.445830
16800	66.75614963	449.517461
16960	66.75599766	453.664341
17120	66.75606292	457.986665
17280	66.75603876	461.993426
17440	66.75624859	466.417313
17600	66.75640623	470.539830
17760	66.75645822	474.603591
17920	66.75649157	478.775123
18080	66.75634524	483.154524
18240	66.75647631	487.404327
18400	66.75632395	491.597395
18560	66.75648478	496.037949
18720	66.75651757	500.326404
18880	66.75683174	504.541871
19040	66.75693612	508.803217
19200	66.75663368	513.042575
19360	66.75674534	516.897616
19520	66.75637209	520.857044
19680	66.75692825	525.086053
19840	66.75709036	529.572988
20000	66.75800249	533.738783
20160	66.75827302	538.333677
20320	66.75835584	542.350439
20480	66.75820192	546.651411
20640	66.75847893	551.104017
20800	66.75822907	555.259026
20960	66.75847673	559.685457
21120	66.75845115	563.876148
21280	66.75829326	568.101949
21440	66.75827106	572.517707
21600	66.75839487	576.737711
21760	66.75818953	581.038227
21920	66.75805351	585.613047
22080	66.7581487	590.106685
22240	66.7581053	594.305173
22400	66.7583319	598.600641
22560	66.75855122	602.920791
22720	66.7585742	607.128407
22880	66.75853264	611.451580
23040	66.75899389	615.496830
23200	66.75928164	619.706419
23360	66.75929236	623.987321
23520	66.75846951	628.182413
23680	66.75896515	632.354036
23840	66.75915471	636.707140
24000	66.75918075	641.247957
24160	66.75960328	645.468067
24320	66.75919872	649.904773
24480	66.7590108	654.093820
24640	66.75942433	658.221066
24800	66.75959642	662.257069
24960	66.75991958	666.411744
25120	66.76014382	670.887337
25280	66.76013799	675.135629
25440	66.76015705	679.390270
25600	66.76004416	683.625873
25760	66.760203	687.761164
25920	66.75983499	691.971001
26080	66.76003251	695.987920
26240	66.76113536	700.245621
26400	66.76112364	704.717467
26560	66.76139369	708.981686
26720	66.76154895	713.627641
26880	66.76143673	717.645070
27040	66.76141415	721.952838
27200	66.76232213	726.240573
27360	66.76325512	730.807960
27520	66.76433939	734.920080
27680	66.76477265	739.198094
27840	66.76499737	743.404877
28000	66.76612979	747.836029
28160	66.76625683	752.272126
28320	66.76633993	756.642788
28480	66.76684141	761.076507
28640	66.76710659	765.282777
28800	66.76721587	769.596393
28960	66.76760823	773.813779
29120	66.76741143	777.993238
29280	66.76742063	782.362682
29440	66.76752436	786.619272
29600	66.7674208	790.852295
29760	66.76746352	795.093432
29920	66.76765299	799.410495
30080	66.76782635	803.650519
30240	66.76711912	807.737710
30400	66.767086	812.134611
30560	66.76714857	816.499622
30720	66.7672545	820.894387
30880	66.76789719	824.847001
31040	66.76774721	829.004080
31200	66.76762983	833.219980
31360	66.76798825	837.290038
31520	66.76773642	841.446576
31680	66.76755296	845.864187
31840	66.7676123	850.023409
32000	66.76766197	854.503073
32160	66.76801102	858.793050
32320	66.7677502	862.903066
32480	66.76733547	867.118881
32640	66.76732801	871.401417
32800	66.76737544	875.656104
32960	66.76707078	879.722145
33120	66.76762402	883.948983
33280	66.76753116	888.386353
33440	66.76785263	892.641452
33600	66.76801158	896.896394
33760	66.76821161	901.270127
33920	66.76836008	905.547442
34080	66.76832192	909.902006
34240	66.76817301	914.121450
34400	66.76795094	918.426221
34560	66.7681699	922.672252
34720	66.76861929	926.667630
34880	66.76824745	931.125587
35040	66.76844979	935.376920
35200	66.76816015	939.768379
35360	66.76836045	944.275592
35520	66.76841991	948.530154
35680	66.76814866	952.852748
35840	66.76848041	958.195385
36000	66.76861287	962.493868
36160	66.76812143	966.739301
36320	66.76854059	970.866809
36480	66.76808138	974.969686
36640	66.76815539	979.059948
36800	66.76839374	983.379897
36960	66.76794562	987.803659
37120	66.76795957	992.051102
37280	66.76816849	996.284399
37440	66.76846426	1000.232006
37600	66.76787151	1004.479403
37760	66.76791853	1008.712788
37920	66.7679412	1012.952781
38080	66.76780899	1017.025290
38240	66.76805858	1021.106037
38400	66.7680823	1025.162671
38560	66.76795126	1029.531289
38720	66.76777864	1033.835341
38880	66.76804659	1037.933324
39040	66.76750155	1042.017408
39200	66.76729704	1046.333159
39360	66.76761309	1050.459776
39520	66.76759296	1054.651288
39680	66.76681891	1058.899683
39840	66.76691489	1063.389273
40000	66.76737338	1067.557319
