P=? [ F (x=9&y=9&crashed=0) ]	R{"cost"}=? [ C<=200 ]
0.2681874563	56.91285281
0.05819970151	25.60859965
0.2605227181	54.8433341
0.2601277648	52.38194296
0.1262646439	29.93535382
0.247099148	49.29080346
0.098657695	26.69173548
0.09347432503	26.42347797
0.1447989877	31.62623306
0.1366957178	31.37810871
0.1944520526	37.00030567
0.1298644774	30.49212371
0.150153568	32.025553
0.1013708518	27.20561438
0.1035405998	27.46919423
0.2424423695	48.16853658
0.2008456151	37.76273432
0.2501205733	50.06464275
0.1416601278	31.41560176
0.189025461	36.44190686
0.1705653269	34.37682722
0.1748449938	34.73423551
0.1824682989	35.91392515
0.2107230944	39.70058074
0.1329716182	30.84833611
0.2037735697	38.14829163
0.2159214721	41.68438589
0.2654538743	56.33707905
0.2224956803	43.32276885
0.2544439245	51.35572353
0.2629309109	55.72855087
0.2536611962	50.97946467
0.08311116602	26.29843821
0.2188244216	42.81347661
0.07733158988	26.09797708
0.2566936621	51.84597666
0.1676945173	33.77773752
0.2516903113	50.48208485
0.2444941896	48.92634632
0.2322309731	45.63738446
0.1809353619	35.56728173
0.2404220261	47.61532779
0.228510018	44.82048132
0.1866577541	36.09080772
0.15680469	32.75716612
0.07323897542	26.06512211
0.2125649233	40.35535341
0.2052491188	38.98241322
0.2429859438	48.72825437
0.08074490837	26.19684182
0.2051778249	38.47011931
0.1508755739	32.32236673
0.1700071216	34.00754946
0.1124091761	28.41692283
0.2259955194	44.34868322
0.06287322322	25.80204931
0.120768396	29.33246442
0.2089157093	39.28123377
0.2631235889	55.74745055
0.1088326309	28.14607649
0.2666695128	56.5546831
0.1763693117	34.9106886
0.2126601506	41.16912424
0.2245265553	43.89173329
0.1232614826	29.45466744
0.2116359304	40.23590492
0.2375498821	46.95745716
0.06736195557	25.86698772
0.1066320646	27.91712194
0.2323109223	46.32736003
0.2172953047	42.29827931
0.2135640586	41.50264485
0.07047346615	26.0308589
0.06135628193	25.7639439
0.1145226685	28.74104992
0.08847628827	26.30608929
0.1981199259	37.51777404
0.2272748665	44.56778646
0.1653424793	33.507408
0.2082079867	39.08569157
0.1592648446	32.85262063
0.1320172856	30.71789535
0.1957949999	37.12853736
0.08847510578	26.30602427
0.1102304355	28.36516581
0.1173603844	29.05675484
0.1186489262	29.13823347
0.2385093485	47.16520299
0.1790427274	35.2539325
0.1633095853	33.34281297
0.2175054435	42.33204641
0.1779901372	35.24228798
0.1153426859	28.84413479
0.2399700406	47.37659286
0.2360082591	46.61797444
0.161085185	33.15875218
0.2303255703	45.24847204
0.2322377795	46.13745029
0.1548009273	32.38637389
0.2248176066	43.92679691
