P=? [ F (x=9&y=9&crashed=0) ]	R{"cost"}=? [ C<=200 ]
0.05818938505	25.66664537
0.23716818	52.89126196
0.05818938505	25.66664537
0.2365716577	52.34655548
0.2358440586	48.46890731
0.1627434207	32.84160184
0.1479632727	31.94609157
0.1668439529	33.49494313
0.1865948261	35.50868589
0.2189148408	42.75512879
0.153187433	31.99985548
0.1807716241	35.04303545
0.1045893686	27.25239282
0.1282233438	29.50512889
0.2278211213	46.39632205
0.2060445806	39.40829262
0.1840387147	35.38661283
0.1461962326	31.25712703
0.1368464406	30.43579248
0.1311553633	29.66579718
0.1781431516	34.82461472
0.1170752048	28.2570599
0.2338258065	48.08116626
0.0644916081	25.83998601
0.218980807	43.65414279
0.07353489711	25.97920913
0.101584077	26.92708769
0.1900546095	36.61708342
0.15636713	32.14075867
0.2321933396	47.80074182
0.0954253893	26.42945107
0.2222371419	43.85731427
0.08928613132	26.2888745
0.1965156323	37.53253691
0.09193524316	26.37609666
0.2290258502	46.84825177
0.2260068424	44.98559053
0.2041911842	38.91727881
0.1609560542	32.57144524
0.1083028798	27.35695983
0.2316335383	47.25570578
0.1883492696	36.23793446
0.1194788766	28.5426259
0.1349567792	30.05656206
0.1142510817	28.10582581
0.1334105754	29.97517163
0.2268505137	45.78274467
0.225574468	44.91604982
0.1978494399	37.94878576
0.200443542	38.31605826
0.2119525191	40.57598856
0.2015821772	38.63163403
0.1692047914	33.60788978
0.0688435427	25.86076677
0.216985593	42.01872902
0.2125552642	40.98333797
0.09840907792	26.54742045
0.1393684871	30.65991547
0.2233639318	44.44826268
0.1095887078	27.50075729
0.06936946308	25.95721724
0.1728761584	34.14075853
0.177041805	34.357804
0.1711488013	33.71940189
0.2127381746	41.29986442
0.1209716539	28.65964048
0.2301274254	47.11173036
0.1931618125	37.25508427
0.1230868157	28.80514857
0.19461907	37.36133987
0.2161033637	41.67400667
0.1429656212	30.9254239
0.2232232248	44.43956659
0.198014257	38.24162707
0.1104394398	27.86485189
0.2096939285	40.49970183
0.2268505137	45.78274467
0.0814882704	26.1429582
0.07771930115	26.01820144
0.2199042518	43.81724565
0.08120120647	26.07500875
0.207909279	39.79563887
0.08577385319	26.20593168
0.1727150672	33.88810404
0.2032989851	38.77746075
0.07686859776	26.01194637
0.1245662755	28.90470107
0.2077981389	39.76441218
0.1759131108	34.22559198
0.2181989266	42.28514462
0.2088431186	40.29662709
0.08540279736	26.16382814
0.1883492696	36.23793447
0.1914812581	36.95064712
0.23716818	52.89126196
0.1254476033	29.11785738
