P=? [ F (x=9&y=9&crashed=0) ]	R{"cost"}=? [ C<=200 ]
0.05753260537	25.4874923
0.2526662311	57.29374115
0.2495879983	53.25740827
0.2514809299	54.75699768
0.2486796681	51.09476049
0.251592522	56.85570151
0.2443643645	49.41099707
0.07119352626	26.00666988
0.1484876645	32.22468177
0.06756089542	25.79567778
0.1125731033	28.50108104
0.2505056141	54.53837842
0.1865568498	37.79654987
0.173149818	36.01213564
0.209881348	41.77750637
0.2475673865	50.15941276
0.07708668206	26.03764749
0.1769727117	36.6031497
0.1566960494	33.58641807
0.2004031224	40.20511264
0.1699610896	35.59113358
0.1546883805	33.32852918
0.1595809722	33.92608784
0.06280797159	25.76197704
0.1801629412	36.78818077
0.09663265284	26.60549413
0.2038710322	40.49623797
0.2392695975	48.18158411
0.2051042796	40.71479165
0.1901620651	38.36793507
0.1754298725	36.15867774
0.2315731562	46.36955912
0.1274044055	30.21798796
0.2359687948	47.71573041
0.1976114885	39.63336406
0.15056018	32.56734154
0.1100289353	28.26129293
0.2189818027	43.49965951
0.1825180682	37.17591405
0.1405144531	31.46178702
0.1956761794	39.2808563
0.2159614741	42.90331407
0.06030192866	25.65162219
0.2504285607	53.43406122
0.2337241645	46.97438825
0.1673276901	35.08744955
0.2119348163	42.15345408
0.234342442	47.03459214
0.2218980171	44.30992238
0.2406625774	48.62813729
0.2174233736	43.14795737
0.1449211658	31.77955624
0.09093154219	26.40085268
0.1081473476	27.99745248
0.1608454582	34.26206655
0.1989937796	39.92208584
0.1649769348	34.86788211
0.2234107365	44.64478207
0.2479359924	50.27399121
0.1332037602	30.68840749
0.1181197664	29.03149606
0.1432659133	31.65238726
0.2076730505	41.39852689
0.2423870734	48.88738611
0.104911305	27.55960481
0.1518287086	33.01789216
0.2482492981	51.03841556
0.1032502671	27.18496946
0.1025260655	27.00662096
0.167461607	35.57669015
0.1197564744	29.18339992
0.2260583608	45.06924683
0.1904013081	38.4048595
0.2272152105	45.35578095
0.09992626667	26.78809018
0.1361157512	30.91893563
0.1936969592	39.13358641
0.1626673173	34.45031986
0.1147682054	29.015401
0.2071289216	41.20675496
0.1932430726	38.78418922
0.2243570784	44.90193925
0.1255117196	29.73374965
0.1314047549	30.34077191
0.07944251554	26.09393233
0.08858708755	26.26005344
0.08367032092	26.25173368
0.1635798274	34.69002175
0.1851550688	37.72448014
0.1309156732	30.22730195
0.181909768	37.09218979
0.2207233976	43.77173835
0.1214504937	29.41198441
0.2121321301	42.51848922
0.1381694109	31.11991052
0.2211791136	43.90387331
0.1389816975	31.19364171
0.1341200391	30.87987071
0.1261997912	29.80346902
0.1221485863	29.53681649
