P=? [ F (x=9&y=9&crashed=0) ]	R{"cost"}=? [ C<=200 ]
0.3752211737	57.29465538
0.2059296195	28.00534571
0.2059296195	28.00534571
0.3752211737	57.29465538
0.3398789678	44.00833052
0.241431049	30.18373486
0.2501991465	30.626679
0.240921892	29.46049755
0.2216356793	28.48300635
0.211610072	28.36716517
0.2319127386	29.40746702
0.3666402906	55.16750599
0.3342552995	42.73160419
0.3663085915	54.10821537
0.2578954768	31.06269703
0.364742581	53.23372923
0.3416596506	44.12111837
0.2903056391	35.52837075
0.3342552995	42.73160419
0.3214042932	39.60852946
0.3494373149	46.97262384
0.2528599502	31.04718243
0.3503485356	47.43983258
0.2974143037	36.45160173
0.2995055781	36.57678435
0.3488486428	46.70860531
0.3577200237	49.75071865
0.3618132792	52.20201592
0.2910726534	35.8765199
0.2414017622	29.67863428
0.3120784447	38.84493084
0.2805549745	33.76572514
0.3640149476	52.92067707
0.2685083987	32.47138649
0.3089252403	37.9059905
0.3031918024	37.02377275
0.374281123	56.97938527
0.3525011954	48.66142056
0.2314971609	29.27861621
0.2270635422	28.60185523
0.3443896147	44.35164544
0.2599497137	31.21153578
0.3547481874	49.36473634
0.3303391846	40.74794951
0.3532667927	48.90348384
0.3004259364	36.81320695
0.3594573187	50.53475749
0.3060323514	37.3997947
0.3535937425	49.20620115
0.3310435481	41.16322394
0.2751390588	33.19622283
0.2728694898	32.88979489
0.3104332884	38.30347015
0.3257090314	40.2930591
0.2740042762	32.98405471
0.3684537172	55.41405686
0.3633165947	52.68578126
0.3656057998	53.76961964
0.3276395412	40.54055565
0.3587072801	50.18832448
0.3014766419	36.96480797
0.3342175969	42.70639758
0.3483081513	46.30721881
0.3512362559	47.93416641
0.2797008711	33.7385144
0.2637668728	31.62241194
0.2705742458	32.86680686
0.3732107681	56.51761432
0.3602690285	51.3827063
0.2513632195	30.88331886
0.2094262678	28.34105385
0.3095731091	38.10709855
0.3459644135	45.21528477
0.3329341331	42.27324399
0.3135855672	39.06368158
0.2824339614	34.06099029
0.2950894477	36.10396496
0.3505382804	47.71206312
0.3041657232	37.28978625
0.2647522937	31.74133089
0.2863764251	34.811209
0.2776798362	33.5898082
0.3313955374	41.34356365
0.3698722102	55.53474705
0.3616512018	51.696383
0.3522744023	48.31141644
0.3185869542	39.48698362
0.3585502884	50.00245038
0.2282447421	28.87411297
0.3731855255	56.49760014
0.3454973793	44.85882004
0.2657960516	31.91142901
0.3160961789	39.34507933
0.3178079383	39.35454092
0.2935327496	36.05381711
0.2085412125	28.2286778
0.3670488161	55.3241657
0.3599323754	50.95858752
0.3517589293	48.17614982
0.2245142362	28.55868816
0.2298207279	29.00605809
0.2618424002	31.39732742
0.3135855672	39.06368158
0.3717077362	56.19351345
0.2242270732	28.53784429
0.2886967734	35.28910084
0.3303391984	40.80943021
0.2627377139	31.41804319
0.3075339746	37.63208324
0.3075975505	37.65720137
0.369914616	55.78514576
0.3105204754	38.6520554
0.2674975209	32.18024557
0.3449292362	44.71105493
0.2591575349	31.11292035
0.2217031895	28.50709683
0.2774719941	33.49508736
0.2692379677	32.67322864
0.3231273039	40.24582229
0.2659677701	32.11048362
0.3564503446	49.50849393
0.2277383768	28.75970634
0.3226633237	39.84991148
0.3463695131	45.36520113
0.3608818128	51.46358138
0.3708231056	55.90759939
0.3111258005	38.69082583
0.2508632912	30.64460136
0.3717077362	56.19351345
0.3223822507	39.82422183
0.3745481871	57.0551937
0.3444550849	44.38925755
0.2852789573	34.61795907
0.3663083514	54.03667625
0.2842115291	34.41216477
0.2874816151	35.09348372
0.3627076047	52.44818576
0.3160961789	39.34507933
0.3052237846	37.31375275
0.3595298267	50.76511132
0.2695250028	32.79677144
0.3329225214	41.86109111
0.3466520909	45.58640611
0.2528577862	30.96866829
0.2298207279	29.00605809
0.3564079556	49.45910869
0.2960781807	36.26646609
0.3329341105	42.27305992
0.2865050162	35.04496512
0.2886005553	35.28553917
0.2116055956	28.36100935
0.3623468076	52.40920898
0.3477330993	46.09965171
0.332919244	41.85158955
0.2761206375	33.35817197
0.3231272814	40.24211297
0.2851288542	34.57741438
0.3656082217	53.78038874
0.3314100326	41.72681049
0.3314100086	41.72532287
