n_eval	hypervolume	time_sec
160	57.13651122	39.586771
320	57.30736705	85.328972
480	59.35645111	136.849072
640	60.46351464	186.072365
800	62.36988337	236.264164
960	63.16025827	280.069477
1120	63.6041866	325.003713
1280	63.67629759	372.002440
1440	63.80496334	422.005017
1600	65.93803873	467.895390
1760	66.03314204	515.932653
1920	66.26981389	571.285064
2080	66.77517201	627.205690
2240	66.82565709	682.714534
2400	66.86768613	735.982283
2560	66.9087671	783.791469
2720	66.92277077	835.842948
2880	66.95656443	893.187668
3040	67.03443421	953.594303
3200	67.1667575	1010.507929
3360	69.10365682	1064.011676
3520	69.12890553	1118.339680
3680	69.16137413	1173.808763
3840	69.24831623	1227.531230
4000	69.41535295	1284.094397
4160	69.43100647	1339.056204
4320	69.44613073	1387.403861
4480	69.45223055	1437.606627
4640	69.65881232	1492.368711
4800	69.69160317	1543.394715
4960	69.69476179	1600.366656
5120	69.69753348	1651.336451
5280	69.7038176	1697.947451
5440	69.77891404	1745.810077
5600	69.78023301	1796.975401
5760	69.79148386	1847.694203
5920	69.79277555	1901.055004
6080	69.79355753	1950.938110
6240	69.80024842	2004.398320
6400	69.80317283	2051.268469
6560	69.8062153	2101.249722
6720	69.81923168	2148.661335
6880	69.82570128	2197.697180
7040	69.82607825	2253.189317
7200	69.82831851	2306.011322
7360	69.84420348	2352.639378
7520	69.84584534	2403.686782
7680	69.84658772	2454.548951
7840	69.84742354	2504.923927
8000	69.86205497	2557.648892
8160	69.86273321	2607.945356
8320	69.86728448	2659.202722
8480	69.868263	2706.957272
8640	69.97556601	2759.477373
8800	69.97663394	2815.654639
8960	69.97957274	2865.675435
9120	69.98012025	2915.096444
9280	69.98218146	2966.179270
9440	69.98341143	3017.343631
9600	70.00946413	3068.750250
9760	70.01038888	3124.698530
9920	70.01078341	3180.747479
10080	70.01094786	3235.621160
10240	70.01226663	3288.933461
10400	70.01231096	3340.113795
10560	70.01230689	3392.126257
10720	70.01354145	3444.171812
10880	70.01366133	3496.643624
11040	70.01444587	3547.333010
11200	70.0183519	3599.035606
11360	70.01833426	3652.817605
11520	70.01843881	3705.319597
11680	70.01857773	3761.142782
11840	70.01893326	3813.914597
12000	70.01899919	3867.437036
12160	70.01951782	3926.142344
12320	70.03984299	3977.496951
12480	70.04050096	4032.937113
12640	70.04058348	4083.916717
12800	70.04089357	4132.558885
12960	70.041113	4186.414201
13120	70.05320839	4238.252432
13280	70.05531509	4290.213035
13440	70.05555509	4339.692550
13600	70.05798876	4392.443585
13760	70.06577617	4442.513639
13920	70.0664048	4490.100774
14080	70.06802788	4539.865182
14240	70.0700578	4590.645621
14400	70.07087806	4641.343118
14560	70.07124736	4692.190051
14720	70.07145244	4747.175304
14880	70.07819994	4792.675910
15040	70.07820983	4845.260071
15200	70.07835396	4894.764807
15360	70.07927512	4944.744930
15520	70.09891597	4995.840512
15680	70.10031551	5043.796708
15840	70.10370944	5090.878248
16000	70.10411965	5139.858853
16160	70.10891044	5186.620361
16320	70.10893889	5235.680898
16480	70.11936863	5282.681354
16640	70.12713479	5329.909731
16800	70.12778004	5381.260919
16960	70.16661766	5427.761427
17120	70.16870937	5477.146625
17280	70.16978807	5522.707357
17440	70.17664136	5572.544021
17600	70.17876684	5616.294316
17760	70.18104212	5663.589454
17920	70.18142048	5712.767645
18080	70.18257508	5765.525190
18240	70.18474728	5810.770689
18400	70.1854793	5856.846534
18560	70.18586671	5905.948241
18720	70.18643555	5952.366996
18880	70.18766629	6001.565895
19040	70.19698752	6047.778680
19200	70.20043245	6093.002322
19360	70.2037335	6137.929501
19520	70.20537772	6182.005453
19680	70.21073958	6222.265782
19840	70.21142947	6269.690547
20000	70.21758085	6315.556637
20160	70.21756775	6356.919957
20320	70.26728058	6400.261340
20480	70.26754624	6448.131196
20640	70.27421391	6494.905871
20800	70.27581482	6542.385188
20960	70.27876613	6586.210885
21120	70.28446254	6633.441979
21280	70.28625052	6677.775968
21440	70.29226399	6723.742520
21600	70.29561297	6767.299080
21760	70.29826493	6813.283027
21920	70.2993733	6864.512138
22080	70.30584095	6910.250416
22240	70.30803581	6954.884184
22400	70.31093273	6999.963651
22560	70.31213878	7046.171802
22720	70.31400838	7090.429858
22880	70.3166386	7140.458131
23040	70.31719497	7187.502945
23200	70.31772056	7233.053698
23360	70.31916474	7277.827460
23520	70.31995291	7325.044296
23680	70.32199133	7372.081322
23840	70.32180292	7418.521102
24000	70.32425152	7465.989588
24160	70.3254224	7512.071539
24320	70.32568847	7561.781204
24480	70.32716934	7605.966253
24640	70.32822496	7650.876449
24800	70.32920873	7695.608178
24960	70.32991284	7742.871092
25120	70.33064331	7789.115525
25280	70.33110578	7839.382358
25440	70.33143602	7887.415418
25600	70.33208973	7936.263476
25760	70.33223013	7985.311091
25920	70.33187643	8028.753210
26080	70.33253992	8077.726659
26240	70.33293524	8129.428899
26400	70.33447674	8175.347392
26560	70.33498141	8222.049880
26720	70.33487419	8272.202755
26880	70.33534349	8316.983648
27040	70.33602109	8360.927604
27200	70.33970159	8409.736788
27360	70.34096207	8457.099486
27520	70.34122167	8507.664115
27680	70.34145111	8552.573682
27840	70.34282973	8598.652086
28000	70.3430456	8646.484239
28160	70.34429219	8692.956765
28320	70.34469631	8740.381371
28480	70.34504858	8787.203770
28640	70.34526487	8837.192293
28800	70.35393722	8887.188881
28960	70.3549761	8938.971366
29120	70.35642575	8987.785484
29280	70.35749358	9036.058661
29440	70.36166055	9082.398913
29600	70.36298433	9128.363807
29760	70.36331735	9176.679497
29920	70.36370653	9222.046426
30080	70.36373221	9269.471539
30240	70.37412568	9320.940517
30400	70.37518274	9368.306048
30560	70.37583609	9418.564583
30720	70.37664203	9467.676863
30880	70.37690452	9512.451163
31040	70.41245625	9562.101718
31200	70.41242423	9612.059778
31360	70.41334635	9662.469361
31520	70.41458462	9711.044006
31680	70.41441988	9761.294046
31840	70.41437035	9812.283244
32000	70.41711788	9862.833578
32160	70.41801963	9910.419052
32320	70.41795304	9959.064786
32480	70.41868303	10011.730310
32640	70.42186276	10059.281646
32800	70.42229967	10111.539378
32960	70.42293613	10160.957771
33120	70.42422054	10213.945995
33280	70.42574933	10263.464717
33440	70.42620523	10310.412626
33600	70.42853522	10358.191846
33760	70.43207273	10404.843781
33920	70.43286734	10455.867303
34080	70.43377661	10503.054837
34240	70.4339255	10551.529168
34400	70.4396033	10600.778974
34560	70.43941667	10651.017540
34720	70.43991133	10698.905992
34880	70.44101729	10747.612261
35040	70.44249677	10796.392310
35200	70.44310821	10845.621026
35360	70.44296468	10896.167921
35520	70.44355172	10948.228456
35680	70.44337422	10998.573362
35840	70.44419305	11046.372331
36000	70.44439185	11096.272316
36160	70.44431895	11146.680428
36320	70.44450451	11196.146857
36480	70.44547852	11249.102486
36640	70.44543387	11298.202691
36800	70.44570424	11348.321890
36960	70.44574781	11397.200040
37120	70.4456898	11448.009972
37280	70.44540122	11500.756976
37440	70.44542837	11550.911625
37600	70.44523194	11602.119623
37760	70.44597042	11651.692176
37920	70.4460356	11700.394150
38080	70.44678243	11750.995827
38240	70.4461487	11804.498350
38400	70.4460405	11856.396120
38560	70.44634691	11904.517582
38720	70.44651555	11955.182489
38880	70.44597097	12008.443721
39040	70.44558325	12059.998214
39200	70.44534842	12112.656676
39360	70.44538807	12163.541499
39520	70.44632454	12213.780268
39680	70.44588386	12263.323299
39840	70.44627179	12313.042415
40000	70.44563847	12364.044028
